6
11
8
0
-1
0
0
-4
-5
0
5
3
0
0
0
0
-1
-2
0
1
0
-4
-3
0
3
3
0
0
0
-1
-5
-5
0
3
2
1
0
0
0
0
-1
-1
0
0
0
0
0
0
0
0
0
0
-1
-1
-1
0
0
0
0
0
0
0
0
0
0
0
-1
0
0
0
0
0
0
0
0
0
0
0
-1
-1
-1
0
0
0
0
1
0
-1
0
0
0
0
-2
-1
0
1
0
0
1
4
3
0
0
0
0
-1
-5
-3
0
2
2
2
0
0
0
-4
-9
-6
1
11
11
4
-2
-6
-4
-6
-6
-1
4
10
11
6
0
-5
-11
-11
-6
0
5
5
2
1
1
0
-5
-7
-5
0
1
3
4
3
2
1
-2
-3
-3
-2
1
7
8
4
2
0
-11
-25
-26
1
25
12
-8
-12
0
12
4
-12
-10
6
15
7
3
6
6
-3
-8
-1
2
0
0
0
0
4
0
-5
-6
-7
-10
-5
3
11
9
0
-7
-7
-1
2
6
5
2
1
2
6
6
2
-1
0
1
1
1
3
3
-1
-6
-6
-2
-3
-17
-25
2
45
45
0
-39
-51
-38
-6
28
47
39
11
-6
-8
-6
-16
-19
-1
14
23
21
9
1
-4
-17
-24
-15
-1
2
1
1
5
12
9
-3
-21
-27
-17
0
19
27
24
9
-5
-15
-15
-6
6
19
20
7
-4
-5
-3
-7
-17
-19
-5
14
19
0
-20
-28
-18
4
16
-1
-18
0
18
16
0
-8
-2
4
3
-2
3
17
19
3
-8
-4
0
-2
-10
-9
0
3
5
2
-6
-12
-9
-1
0
0
0
1
0
0
0
1
7
10
5
1
1
2
2
1
0
0
2
1
0
0
-1
-3
-3
-1
-1
-1
-3
-3
-2
1
1
0
0
0
2
1
-6
-8
8
21
9
0
0
3
7
0
-15
-5
8
4
-4
-2
3
2
-4
-11
-5
1
0
-6
-2
5
6
0
-3
0
3
1
0
2
5
4
3
1
0
0
-1
-1
0
0
0
0
-1
0
-2
-3
-1
-1
-1
0
0
1
0
-1
0
0
2
1
0
1
2
2
1
0
0
0
0
0
0
0
0
0
0
0
1
2
0
-4
-5
-5
0
3
4
2
0
0
0
0
0
2
2
0
0
-1
0
1
1
0
0
0
0
0
0
0
-2
0
0
1
0
-1
0
0
2
2
0
0
0
0
2
2
2
2
0
-1
-4
-3
0
0
1
1
1
1
1
0
-3
-4
-2
0
3
2
1
0
0
0
0
0
-1
